Zernike-Aberrations [mm]:

Evaluation-Radius         1.428774936
TiltX                    -0.000211199
TiltY                    -0.000176297
Defocus                  -0.000222472
Astigmatism Y²-X²         0.000001151
Astigmatism XY           -0.000000531
Coma X                    0.000000083
Coma Y                    0.000000365
Triangular Coma           0.000000246
Quadratic Astigmatism     0.000000146
Spher. Aberration        -0.000000022
5th Spher. Aberration     0.000000077


Extended Coefficients [mm]:

Coefficient Value
[ 0][ 0][ 0]    0.000000000
[ 1][ 1][ 0]   -0.000211199
[ 1][ 1][ 1]   -0.000176297
[ 2][ 0][ 0]   -0.000222472
[ 2][ 2][ 0]    0.000001151
[ 2][ 2][ 1]   -0.000000531
[ 3][ 1][ 0]    0.000000083
[ 3][ 1][ 1]    0.000000365
[ 3][ 3][ 0]   -0.000000073
[ 3][ 3][ 1]   -0.000000340
[ 4][ 0][ 0]   -0.000000022
[ 4][ 2][ 0]   -0.000000215
[ 4][ 2][ 1]    0.000000112
[ 4][ 4][ 0]    0.000000137
[ 4][ 4][ 1]    0.000000154
[ 5][ 1][ 0]    0.000000105
[ 5][ 1][ 1]    0.000000608
[ 5][ 3][ 0]    0.000000153
[ 5][ 3][ 1]   -0.000000579
[ 5][ 5][ 0]   -0.000000273
[ 5][ 5][ 1]    0.000000316
[ 6][ 0][ 0]    0.000000077
[ 6][ 2][ 0]   -0.000000035
[ 6][ 2][ 1]    0.000000290
[ 6][ 4][ 0]    0.000000016
[ 6][ 4][ 1]   -0.000000079
[ 6][ 6][ 0]    0.000000092
[ 6][ 6][ 1]   -0.000000158
