Zernike-Aberrations [mm]:

Evaluation-Radius         4.423138956
TiltX                     0.000568967
TiltY                    -0.000290047
Defocus                  -0.002126796
Astigmatism Y²-X²        -0.000004970
Astigmatism XY            0.000000009
Coma X                    0.000000686
Coma Y                   -0.000001439
Triangular Coma           0.000001040
Quadratic Astigmatism     0.000003740
Spher. Aberration         0.000002815
5th Spher. Aberration     0.000000036


Extended Coefficients [mm]:

Coefficient Value
[ 0][ 0][ 0]    0.000000000
[ 1][ 1][ 0]    0.000568967
[ 1][ 1][ 1]   -0.000290047
[ 2][ 0][ 0]   -0.002126796
[ 2][ 2][ 0]   -0.000004970
[ 2][ 2][ 1]    0.000000009
[ 3][ 1][ 0]    0.000000686
[ 3][ 1][ 1]   -0.000001439
[ 3][ 3][ 0]    0.000001471
[ 3][ 3][ 1]    0.000000002
[ 4][ 0][ 0]    0.000002815
[ 4][ 2][ 0]   -0.000006150
[ 4][ 2][ 1]    0.000000561
[ 4][ 4][ 0]    0.000005258
[ 4][ 4][ 1]    0.000000569
[ 5][ 1][ 0]   -0.000000191
[ 5][ 1][ 1]   -0.000000474
[ 5][ 3][ 0]    0.000000175
[ 5][ 3][ 1]    0.000000775
[ 5][ 5][ 0]    0.000000015
[ 5][ 5][ 1]   -0.000000621
[ 6][ 0][ 0]    0.000000036
[ 6][ 2][ 0]   -0.000000198
[ 6][ 2][ 1]   -0.000000228
[ 6][ 4][ 0]   -0.000000164
[ 6][ 4][ 1]    0.000000068
[ 6][ 6][ 0]    0.000000232
[ 6][ 6][ 1]    0.000000477
