Zernike-Aberrations [mm]:

Evaluation-Radius         3.745831016
TiltX                    -0.000543002
TiltY                    -0.000048963
Defocus                  -0.001527103
Astigmatism Y²-X²         0.000000206
Astigmatism XY           -0.000000629
Coma X                    0.000000336
Coma Y                   -0.000001356
Triangular Coma           0.000000639
Quadratic Astigmatism     0.000001998
Spher. Aberration         0.000001599
5th Spher. Aberration     0.000000455


Extended Coefficients [mm]:

Coefficient Value
[ 0][ 0][ 0]    0.000000000
[ 1][ 1][ 0]   -0.000543002
[ 1][ 1][ 1]   -0.000048963
[ 2][ 0][ 0]   -0.001527103
[ 2][ 2][ 0]    0.000000206
[ 2][ 2][ 1]   -0.000000629
[ 3][ 1][ 0]    0.000000336
[ 3][ 1][ 1]   -0.000001356
[ 3][ 3][ 0]    0.000000804
[ 3][ 3][ 1]    0.000000413
[ 4][ 0][ 0]    0.000001599
[ 4][ 2][ 0]   -0.000003699
[ 4][ 2][ 1]    0.000000260
[ 4][ 4][ 0]    0.000002813
[ 4][ 4][ 1]    0.000000269
[ 5][ 1][ 0]   -0.000000057
[ 5][ 1][ 1]   -0.000000873
[ 5][ 3][ 0]   -0.000000004
[ 5][ 3][ 1]    0.000000506
[ 5][ 5][ 0]   -0.000000323
[ 5][ 5][ 1]   -0.000000405
[ 6][ 0][ 0]    0.000000455
[ 6][ 2][ 0]   -0.000000446
[ 6][ 2][ 1]   -0.000000518
[ 6][ 4][ 0]    0.000000516
[ 6][ 4][ 1]    0.000000330
[ 6][ 6][ 0]   -0.000000785
[ 6][ 6][ 1]   -0.000000102
