Zernike-Aberrations [mm]:

Evaluation-Radius         2.481179155
TiltX                    -0.000361470
TiltY                    -0.000303196
Defocus                  -0.000671099
Astigmatism Y²-X²         0.000002602
Astigmatism XY           -0.000000766
Coma X                    0.000000384
Coma Y                   -0.000000033
Triangular Coma           0.000000095
Quadratic Astigmatism     0.000000296
Spher. Aberration         0.000000150
5th Spher. Aberration     0.000000087


Extended Coefficients [mm]:

Coefficient Value
[ 0][ 0][ 0]    0.000000000
[ 1][ 1][ 0]   -0.000361470
[ 1][ 1][ 1]   -0.000303196
[ 2][ 0][ 0]   -0.000671099
[ 2][ 2][ 0]    0.000002602
[ 2][ 2][ 1]   -0.000000766
[ 3][ 1][ 0]    0.000000384
[ 3][ 1][ 1]   -0.000000033
[ 3][ 3][ 0]    0.000000059
[ 3][ 3][ 1]   -0.000000121
[ 4][ 0][ 0]    0.000000150
[ 4][ 2][ 0]   -0.000000449
[ 4][ 2][ 1]    0.000000370
[ 4][ 4][ 0]    0.000000413
[ 4][ 4][ 1]   -0.000000068
[ 5][ 1][ 0]   -0.000000030
[ 5][ 1][ 1]   -0.000000461
[ 5][ 3][ 0]    0.000000177
[ 5][ 3][ 1]    0.000000280
[ 5][ 5][ 0]    0.000000050
[ 5][ 5][ 1]   -0.000000382
[ 6][ 0][ 0]    0.000000087
[ 6][ 2][ 0]   -0.000000304
[ 6][ 2][ 1]   -0.000000124
[ 6][ 4][ 0]    0.000000467
[ 6][ 4][ 1]    0.000000011
[ 6][ 6][ 0]   -0.000000720
[ 6][ 6][ 1]    0.000000106
